57 18
88 11
66 14
65 14
87 51
3 27
21 90
43 66
46 60
74 15
15 42
38 83
77 70
15 21
85 16
81 8
53 21
61 19
91 93
25 62
18 80
92 47
24 27
45 52
46 73
31 94
14 11
68 80
47 87
34 79
54 37
90 61
49 72
27 94
61 87
46 47
7 26
11 17
73 79
73 92
40 30
87 99
53 84
64 27
58 20
83 60
31 65
68 88
4 89
25 78
90 12
92 85
97 67
5 68
30 82
41 3
37 51
77 89
28 62
85 44
90 10
79 10
56 21
78 6
65 94
64 31
9 35
68 58
20 49
67 13
40 78
64 94
16 23
3 22
33 7
25 59
70 0
50 8
86 7
46 25
31 5
23 41
34 10
58 46
91 35
1 44
75 57
48 29
23 89
12 65
43 74
8 73
46 52
96 54
65 54
93 46
75 34
42 68
53 97
72 41